
Dover sole (Microstomus pacificus; DOVR)

    
      9 11 12 13 14 15 16 17 18 19 20 21 22 23 24 25 26 27 28 29 30 31 32 33 34 35 36 37 38 39 40 41 42 43 44 45 46 47 48 49 54
  1   1  1  1  0  0  0  0  0  0  0  0  0  0  0  0  0  0  0  0  0  0  0  0  0  0  0  0  0  0  0  0  0  0  0  0  0  0  0  0  0  0
  2   0  1  1  1  3  5  6 13  3  7  3  4  0  1  1  0  0  0  0  0  0  0  0  0  0  0  0  0  0  0  0  0  0  0  0  0  0  0  0  0  0
  3   0  0  0  0  0  1  2  1  6 23 31 38 46 44 34 13 14  8  1  2  0  0  0  0  0  0  0  0  0  0  0  0  0  0  0  0  0  0  0  0  0
  4   0  0  0  0  0  1  0  3  2  3 10 20 33 44 46 67 52 44 29 20 15 15  7  2  3  0  1  0  0  0  0  0  0  0  0  0  0  0  0  0  0
  5   0  0  0  0  0  0  0  0  0  0  3  6 19 16 45 58 78 78 71 55 42 47 32 13 17  8  6  1  1  1  0  0  0  0  0  0  0  0  0  0  0
  6   0  0  0  0  0  0  0  0  0  0  1  3  4  9 20 30 45 74 61 75 76 68 45 49 40 21 14  9  3  5  0  1  0  0  0  1  0  0  0  0  0
  7   0  0  0  0  0  0  0  0  0  0  0  0  1  5  9 12 29 35 50 73 86 87 76 58 52 42 26 21 19 14  4  3  1  1  1  0  0  0  0  0  0
  8   0  0  0  0  0  0  0  0  0  0  0  0  0  0  0  4  9 21 31 37 69 74 63 71 77 52 41 33 32 13 12  7  5  2  2  0  0  0  0  0  1
  9   0  0  0  0  0  0  0  0  0  0  0  0  0  0  1  0  2 11 11 18 31 43 57 68 72 63 44 52 31 42 22  9 10  6  2  3  1  1  0  1  0
  10  0  0  0  0  0  0  0  0  0  0  0  0  0  1  0  1  3  0  7 10 19 33 41 46 49 68 46 46 66 26 28 13 15 11 10  1  1  1  1  0  0

      
          8    9   10   11   12   13   14   15   16   17   18   19   20   21   22   23   24   25   26   27   28   29   30   31   32   33   34   35   36   37   38   39   40   41   42   43   44   45   46   47   48
  1       0    1    0    1    1    0    0    0    0    0    0    0    0    0    0    0    0    0    0    0    0    0    0    0    0    0    0    0    0    0    0    0    0    0    0    0    0    0    0    0    0
  2       0    0    0    1    1    1    3    5    6   13    3    7    3    4    0    1    1    0    0    0    0    0    0    0    0    0    0    0    0    0    0    0    0    0    0    0    0    0    0    0    0
  3       0    0    0    0    0    0    0    1    2    1    6   23   31   38   46   44   34   13   14    8    1    2    0    0    0    0    0    0    0    0    0    0    0    0    0    0    0    0    0    0    0
  4       0    0    0    0    0    0    0    1    0    3    2    3   10   20   33   44   46   67   52   44   29   20   15   15    7    2    3    0    1    0    0    0    0    0    0    0    0    0    0    0    0
  5       0    0    0    0    0    0    0    0    0    0    0    0    3    6   19   16   45   58   78   78   71   55   42   47   32   13   17    8    6    1    1    1    0    0    0    0    0    0    0    0    0
  6       0    0    0    0    0    0    0    0    0    0    0    0    1    3    4    9   20   30   45   74   61   75   76   68   45   49   40   21   14    9    3    5    0    1    0    0    0    1    0    0    0
  7       0    0    0    0    0    0    0    0    0    0    0    0    0    0    1    5    9   12   29   35   50   73   86   87   76   58   52   42   26   21   19   14    4    3    1    1    1    0    0    0    0
  8       0    0    0    0    0    0    0    0    0    0    0    0    0    0    0    0    0    4    9   21   31   37   69   74   63   71   77   52   41   33   32   13   12    7    5    2    2    0    0    0    0
  9       0    0    0    0    0    0    0    0    0    0    0    0    0    0    0    0    1    0    2   11   11   18   31   43   57   68   72   63   44   52   31   42   22    9   10    6    2    3    1    1    0
  10      0    0    0    0    0    0    0    0    0    0    0    0    0    0    0    1    0    1    3    0    7   10   19   33   41   46   49   68   46   46   66   26   28   13   15   11   10    1    1    1    1
  <NA>    4    5   14   10   21   17   29   55   91  121  243  424  770 1144 1711 2388 3287 3895 4671 5494 5809 6216 7554 6931 7509 7655 7963 7394 6850 6061 5493 4963 4482 3821 3302 3253 2646 2368 1958 1507 1138
      
         49   50   51   52   53   54   55   56   57   58   59   60   61   62   63   64
  1       0    0    0    0    0    0    0    0    0    0    0    0    0    0    0    0
  2       0    0    0    0    0    0    0    0    0    0    0    0    0    0    0    0
  3       0    0    0    0    0    0    0    0    0    0    0    0    0    0    0    0
  4       0    0    0    0    0    0    0    0    0    0    0    0    0    0    0    0
  5       0    0    0    0    0    0    0    0    0    0    0    0    0    0    0    0
  6       0    0    0    0    0    0    0    0    0    0    0    0    0    0    0    0
  7       0    0    0    0    0    0    0    0    0    0    0    0    0    0    0    0
  8       0    0    0    0    0    1    0    0    0    0    0    0    0    0    0    0
  9       1    0    0    0    0    0    0    0    0    0    0    0    0    0    0    0
  10      0    0    0    0    0    0    0    0    0    0    0    0    0    0    0    0
  <NA>  916  710  455  312  268  180  131  108   62   42   38   13   15    7    2    3


Ages: 1, 2, 

Maximum lengths by age class (cm): 12, 17, 

Latitude min: 32.5; Latitude max: 47.5

Depth min (m): 50; Depth max (m): 465

Number of extreme individual weights removed: 4 

Number of tows which contain missing lengths: 7 

Percent of zeros in length restricted data WITH depth and latitude restriction: 95.64336 


Number of tows per year after applying depth and latitude restrictions:

2003 2004 2005 2006 2007 2008 2009 2010 2011 2012 2013 2014 2015 
 289  298  388  381  404  399  410  422  418  422  285  416  403 



